Resultados (em milisegundos):

Assembly
10^n         1               2               3               4               5               6
media   4.5000000       2.4000000       4.2000000      22.8000000      210.7000000     2067.8000000
desvio  2.5055494       0.5163978       0.4216370       0.4216370        0.9486833       11.6218186

C
10^n         1               2               3               4               5               6
media   4.5000000       2.0000000       2.7000000       5.8000000      36.5000000      340.2000000
desvio  2.7182511       0.0000000       0.4830459       0.4216370       0.5270463        2.8982753

Dif
10^n         1               2               3               4               5               6
media   0.0000000      -0.4000000      -1.5000000      -17.0000000    -174.2000000    -1727.6000000
desvio  1.1547005       0.5163978       0.8498366       0.6666667       1.0327956        10.1674863